91
96
10
48
45
62
53
61
37
66
11
25
30
50
71
16
12
32
77
100
