Row,Sadness,Anger,Happiness,Fear,Surprise,Disgust,Pride,Gratefulness,LongingFor,Despise,Despair,Shame,Guilt,Disappointment,Pleasure,Nervousness,Winning,Losing,Succeeding,Failing,Wanting,Craving,Waiting,SelfRegulation,SocialLonging,Speaking,Laughing,Love,SocialExclusion,Togetherness,Loneliness,Ostracism,ClosenessInSocialRelations,Hostility,Sympathy,Anxiety,Panic,Stress,Depression,Mania,Eating,Drinking,Hunger,Satiation,Thirst,Sweating,Urinating,Defecation,Tiredness,Vitality,Exhaustion,Breathing,Heartbeat,Drunkenness,SexualArousal,Orgasm,Shivering,Hangover,Heartburn,Suffocation,Relaxation,Sleeping,Thinking,Remembering,Attending,Forgetting,Reading,Imagining,Daydreaming,Inferring,Reasoning,Estimating,BeingConscious,Memorizing,Recognition,Recollection,HavingFlu,HavingFever,HavingStomachFlu,HavingCold,HavingHeadache,FeelingNauseous,HavingToothache,Coughing,Sneezing,Aching,BeingDazzled,Seeing,Hearing,FeelingTouch,Smelling,Tasting,Itching,Numbness,FeelingPain,Hotness,Coldness,Dizziness,Movement,Acceleration
Sadness,0,0.338216158096866,0.546048196599791,0.26481479654728,0.454518362520576,0.320962522306991,0.472631977468865,0.529763214967441,0.361030424431959,0.29847502636828,0.221454439959265,0.280432960551636,0.280940402089224,0.244380600583293,0.554946548450512,0.354471770832095,0.527731436077593,0.28448742285293,0.550469412291067,0.275298195205841,0.490371570168468,0.510904046605827,0.41041120331683,0.416569398256137,0.368084531630048,0.492240263961142,0.547713415649606,0.547055934998796,0.246402573921004,0.542670471277009,0.230948647825956,0.247835126009352,0.552966151718063,0.321439797931808,0.480944850771424,0.281153922002423,0.308116119788734,0.295778351354884,0.220440087018635,0.421911408328114,0.50472744989145,0.486318482326105,0.432395793823231,0.510429290542393,0.445223219086016,0.453152502575321,0.493545187763425,0.500492464478484,0.310217587928833,0.524335033029306,0.300848508472478,0.501346176168587,0.462893402982114,0.439244230869538,0.549419767881727,0.561358718910901,0.385506617436645,0.403463962408074,0.428083747369537,0.367756108589869,0.556318686755384,0.515891378928736,0.488452237014157,0.480259383736386,0.480284152674391,0.392029696716732,0.508500170017674,0.476449449453369,0.518741716485224,0.489407663461556,0.475350757105665,0.447094301154101,0.48808154133612,0.488030414248523,0.469378539415672,0.474651704734627,0.43127293600015,0.42946046065141,0.423718089786015,0.435787571277629,0.418217090367798,0.39742356378445,0.418514269372227,0.444777769920694,0.457156135230927,0.408507519136569,0.475959812105177,0.499657038349206,0.491860749584273,0.532908494916853,0.492623790123704,0.493540350507719,0.442817563397414,0.383516478758203,0.380412152662698,0.450332792243517,0.379595049912479,0.380430518281325,0.508050289854615,0.441639296780543
Anger,0.338216158096866,0,0.558114476196091,0.286584623104521,0.465702974100606,0.242866217810041,0.448026045745841,0.543845778593204,0.464271501376786,0.232529313386185,0.324144759456443,0.289572819285415,0.303059643908621,0.301510291865242,0.553696710603221,0.351090165063101,0.518363520198878,0.323748240710771,0.550747836852432,0.313327714184426,0.496724849745963,0.512048678729743,0.458385252887376,0.423205060999682,0.452472427859431,0.517151027664774,0.555294645716743,0.561191862635517,0.345259418659188,0.557566551894459,0.345513925153272,0.329757431614579,0.555493619556536,0.153719903643604,0.523636378752081,0.313659538495361,0.315823358541106,0.341335398837835,0.345395089557806,0.396908938940395,0.520110469199285,0.498830618163434,0.452767838884825,0.518944214286977,0.450501636144194,0.441840018948177,0.486570112915779,0.49649662356493,0.402898711452315,0.532565996728475,0.384515682993123,0.509106677759051,0.461434667432644,0.445168498474441,0.543842109510034,0.560535437993567,0.411309005386439,0.42546871440992,0.439391388573249,0.353291155440824,0.563455542924467,0.544082468743543,0.513444815134775,0.494378598125836,0.511076285286927,0.422333977738897,0.547398967945684,0.511773688863023,0.541063367880406,0.509804985394427,0.510061591710683,0.467029903269867,0.514333532111791,0.517134391753575,0.502042217546178,0.51485950869295,0.444796004673412,0.430433191761429,0.45034399705317,0.446679385572947,0.421081955751097,0.434128243534576,0.443536448314783,0.445450680204239,0.466178910778414,0.43398927626232,0.483920007994727,0.529429722755299,0.530696858280017,0.543986305859646,0.50522053946285,0.494898269665303,0.451192475245472,0.420510334122978,0.421691121347267,0.440539261184887,0.39433442494672,0.405333312430212,0.511286727398329,0.376644769723307
Happiness,0.546048196599791,0.558114476196091,0,0.577348118137301,0.383734062945856,0.570829045321734,0.340502038781821,0.192371646694664,0.375613480263146,0.570552828887881,0.593948190794433,0.579446930611972,0.56633741321598,0.558482329600028,0.182633862331578,0.510294040706162,0.283786622067586,0.549440982699225,0.220112080117187,0.563361340237502,0.273794281835109,0.282390848001377,0.434813609820617,0.431309592438852,0.403398370789916,0.332040069963789,0.14825815563843,0.187746527368144,0.578641466276967,0.225259649251289,0.568027221833531,0.569033918446968,0.212148557969102,0.56432482716866,0.247427071333301,0.588461370512039,0.575947165108718,0.55616484821322,0.604325477101325,0.457512472475008,0.387093182911142,0.395768628906029,0.496173651132981,0.35971878578749,0.479265613724376,0.472429988959596,0.473640574004658,0.469738000039089,0.519980007569096,0.271802468600076,0.549483885739611,0.378556138776917,0.382109513959215,0.43349290526294,0.270418486386263,0.249119107036264,0.543304927175043,0.55282212107763,0.551042465394672,0.605486645449529,0.256152387497561,0.363663228485849,0.376194617564098,0.373830012635528,0.36937679232372,0.471285644017532,0.357453791260873,0.335688545015621,0.31713231262435,0.380746022596015,0.385191728709529,0.412407177359054,0.351296150371514,0.398322552148558,0.355889713612015,0.403227730674623,0.557318376568102,0.560298627173435,0.586539010411528,0.561980016707159,0.565820112907609,0.58254555738838,0.574619396301644,0.546986649078639,0.503390521528877,0.577207345229441,0.406389931934688,0.369151905168765,0.368242594079193,0.272375200828759,0.412521656232256,0.385640213388024,0.512602198743084,0.537288048439062,0.572393831052403,0.49337320099255,0.55176387884937,0.537095927800595,0.33545277201655,0.421553981452952
Fear,0.26481479654728,0.286584623104521,0.577348118137301,0,0.47566255367204,0.287583470616427,0.469438024258451,0.55510800310024,0.422409993143512,0.254038693468336,0.221882136125832,0.25134744866158,0.254063585407146,0.238532991494405,0.555820688337859,0.302548501569281,0.526723690972966,0.284443156708531,0.565319451296383,0.262174316371689,0.495971922081575,0.519454880302382,0.42865760025631,0.44003284208527,0.400510396230394,0.509187390315624,0.559733673532902,0.56802929029091,0.247145820592627,0.548971074233746,0.254025277982584,0.261677888500861,0.559657209772204,0.276779537549908,0.514092297268281,0.220276019794567,0.220559512202506,0.274985793188865,0.255573490690869,0.413871785312273,0.521054576578308,0.502203804018219,0.440977838673459,0.541646810757589,0.450075446868644,0.42997174552262,0.494739025084883,0.495586846577047,0.361345668262697,0.53781551581232,0.325616022214516,0.508704061302008,0.454268320952607,0.443477762109914,0.540730009766359,0.562079739809291,0.34408860979004,0.402563050436284,0.421210792249105,0.324710790021774,0.567569874746609,0.527394799713221,0.500803637438141,0.49504996731231,0.50636693321882,0.406077683840235,0.531253574756458,0.50534478706511,0.535366231698644,0.516987477656896,0.504139590746468,0.466394688463986,0.511001968515682,0.506098811491284,0.494029497180984,0.497703614286681,0.412973143977482,0.410542668553571,0.405791114899456,0.421678442659605,0.384116492371196,0.379055168029838,0.403637411217996,0.413717882874743,0.454186571317767,0.383808840322034,0.484622137974755,0.524323382354878,0.519258813588442,0.554008914329123,0.505446782735156,0.514006723647369,0.431235226183156,0.386026931380525,0.366311475865433,0.443021544976186,0.393961169822282,0.368139709781811,0.508660118100527,0.42286125416472
Surprise,0.454518362520576,0.465702974100606,0.383734062945856,0.47566255367204,0,0.47130846262498,0.346029398372098,0.358911906775613,0.359567885968274,0.45044249996901,0.488435027667656,0.46433151516886,0.462356611097131,0.453627792443835,0.381765023521994,0.396509214408349,0.338497943040123,0.442647451681354,0.370924988944965,0.454412430472917,0.354257691740188,0.361160371934471,0.340838011562721,0.350049253688469,0.396818231112648,0.336499216679937,0.374139675670145,0.403373852585931,0.472492137664112,0.392277397244445,0.457825564215371,0.461942104003045,0.391927770498969,0.460748703378395,0.35586218452335,0.475295387734841,0.47589489697292,0.424328583921164,0.500108906481487,0.440427097140545,0.377094482527056,0.402463210405863,0.401240159778141,0.394833740301777,0.385514150070422,0.396578749533747,0.418419299967437,0.42017153678878,0.429797051287548,0.333029728703351,0.442396535489773,0.343554946656561,0.358733380847409,0.410163303676388,0.386726875621099,0.400748105489557,0.416746544786788,0.450252240742569,0.448662215539203,0.456537260029074,0.354852306418194,0.388942703020501,0.321594548217068,0.327144711196697,0.316359499541928,0.355734129071828,0.315104713423191,0.314429808244208,0.353688977045505,0.320830491514476,0.322422307993781,0.31851483645002,0.32405869997608,0.343214660761683,0.302676895610355,0.323478771241803,0.455197673677971,0.449073904938777,0.472974182090538,0.450186639760194,0.473363489163064,0.452824675971306,0.479381317458163,0.431207209563676,0.402568358583901,0.469929339325114,0.322123039562253,0.350750178005329,0.340267635444019,0.385678188216812,0.35907842885251,0.373657641193871,0.402338507897563,0.417448905013767,0.464611013053001,0.412884132948955,0.455732324863043,0.444427878272293,0.365084078077875,0.366208854332576
Disgust,0.320962522306991,0.242866217810041,0.570829045321734,0.287583470616427,0.47130846262498,0,0.459837008421366,0.559002202557004,0.447459049722305,0.215840006383674,0.294472950462061,0.264413137559484,0.281434037815256,0.301505866610935,0.567043516789266,0.333765907097252,0.541401100984131,0.324635764914604,0.573943634222489,0.301674585576323,0.509211928068186,0.518354991057269,0.43734391047969,0.434167673664599,0.439596127798,0.517690799852048,0.567330551325141,0.582037050177417,0.308818760816467,0.566744014815429,0.333092507609094,0.308870427444562,0.578029619294659,0.228630181694422,0.527120324171241,0.314550246452079,0.314389402214935,0.310430714321399,0.304128752368811,0.413097081833203,0.510641721483883,0.477921670186663,0.43294837095314,0.517379374545614,0.451051493014099,0.436046956141909,0.463117278477114,0.465982544481121,0.346588703664043,0.537315437359257,0.351263327361579,0.487682537699658,0.482373954756442,0.411553754441459,0.555672719602067,0.580002885931445,0.373241068875459,0.347419748184897,0.397271036975176,0.349497080623287,0.564694557120563,0.51376409612566,0.509377243049427,0.502754572003401,0.509321128975996,0.426834178793652,0.522005248326923,0.503772684727099,0.535448708410762,0.513172138886292,0.504525910135113,0.463304936836675,0.509939344418593,0.516633706600797,0.5007636094908,0.508164395183336,0.398304145262067,0.406859477683864,0.376460479231988,0.402318758960975,0.388340160751966,0.366242783640766,0.394470624540841,0.404993453284229,0.429325465823264,0.405213670046093,0.47215346729843,0.529640796218297,0.522496683987746,0.554837541187115,0.496013633622427,0.497825568257955,0.419074201043328,0.398133867626907,0.387190451158703,0.435317916224526,0.390973679626811,0.390193433816086,0.510715455870309,0.429226515840837
Pride,0.472631977468865,0.448026045745841,0.340502038781821,0.469438024258451,0.346029398372098,0.459837008421366,0,0.330957250413524,0.407150597631472,0.44266667584724,0.504423824992166,0.458494227727745,0.45397491215598,0.457708343140582,0.347909199025489,0.418617314534725,0.241307260777872,0.43661447581879,0.300986926385676,0.451141878315238,0.360421077773482,0.367396166788342,0.396518925396996,0.35527906091884,0.42599536359771,0.384314507611986,0.356066928686159,0.372075292149989,0.476281499889337,0.359083847962226,0.491561171684905,0.487392153346251,0.370166466408156,0.462175244287722,0.350145054101501,0.491697419957296,0.4898706821441,0.460295492123379,0.505509173414354,0.425517744347922,0.38900358161907,0.407395619374491,0.451147237210913,0.396889036164725,0.444187417447329,0.45562080668155,0.446814603424817,0.452319918226328,0.459837081344056,0.363451602587043,0.458622276117103,0.414661576737108,0.406108032283971,0.430541753005959,0.386615053223551,0.388398603591883,0.467458458172194,0.488705120177112,0.485294024950664,0.516320368304532,0.37785281420136,0.392283496327669,0.380580055418783,0.361397306812406,0.355618700710235,0.419161862644852,0.384593571999196,0.351330345233846,0.37935515113364,0.368954199151211,0.367475432471291,0.357423933735791,0.358319153710223,0.377189274050603,0.364592351048011,0.373490650767771,0.487605591007467,0.50246689564543,0.509196512223662,0.493782640300237,0.501201575417403,0.506485373632074,0.502778114784499,0.479592241284654,0.45788661374674,0.503698247392331,0.399404132858898,0.400915702622572,0.386711073004069,0.386078430436377,0.421691006849791,0.402398817126985,0.476840313519979,0.46245796053326,0.509458145230933,0.451744726612113,0.47886958788129,0.471152066870477,0.389650587629564,0.393170569282018
Gratefulness,0.529763214967441,0.543845778593204,0.192371646694664,0.55510800310024,0.358911906775613,0.559002202557004,0.330957250413524,0,0.343505775270474,0.533334592808992,0.580679367542099,0.554725178785452,0.547302155976639,0.538288376351985,0.208379378116831,0.488119604944912,0.287303284510463,0.521056939503343,0.228773319727065,0.536321396504062,0.285503854310445,0.297118384990978,0.415743514415462,0.394992507600849,0.371125777406327,0.321585620281102,0.21552699140585,0.190448234743656,0.556165656992096,0.199208791815315,0.542971283794866,0.542882815847734,0.197485950352342,0.553318185086225,0.200331663550313,0.57302732898278,0.556635420126001,0.535559767680075,0.590364325361402,0.46915909160041,0.37429540135098,0.39648300787845,0.472870214342883,0.339860948073351,0.475150719450563,0.458146922475801,0.470648032819046,0.468566917480734,0.502459555774535,0.300481870128694,0.532221966115866,0.368748175788098,0.35922375888631,0.434135960301825,0.28473869564807,0.273023198806036,0.514202707433707,0.539638100471132,0.533036136654662,0.585275150567337,0.265117760454598,0.353229944122798,0.340012430791026,0.339236685040545,0.346444976909724,0.44165003333969,0.34587919899025,0.318590158616945,0.293977056762697,0.345697679014143,0.34860874976781,0.391288465288449,0.333354170699692,0.356474319052356,0.321151185722349,0.359764720223669,0.543157536540289,0.543443054943317,0.569175308619791,0.541932460509548,0.558185790690568,0.560880684217743,0.556587215933166,0.530040134718585,0.489905589178469,0.554587329507126,0.400136927377219,0.35146706476281,0.355360197485713,0.26237065499674,0.389897713091651,0.366404663912451,0.505403317180801,0.516917528095608,0.554133411616879,0.468361953908051,0.527982725848494,0.526323690979007,0.352099221278919,0.420212247888081
LongingFor,0.361030424431959,0.464271501376786,0.375613480263146,0.422409993143512,0.359567885968274,0.447459049722305,0.407150597631472,0.343505775270474,0,0.442276817407498,0.420663735286093,0.419074546984929,0.406473636377722,0.399419227955711,0.357462811334244,0.384429639150076,0.404569546924003,0.404590207926013,0.391096499506019,0.412063388234553,0.319483014354888,0.339257265425304,0.339189567198101,0.387708689562492,0.21544778256908,0.378299027422697,0.371215433758079,0.33750489147077,0.381895963471631,0.333981960930167,0.363800734261138,0.387970113124818,0.331801885425549,0.46066850101335,0.307438362278931,0.43562727566955,0.441698840892775,0.426325682816514,0.434726600335543,0.451785402426301,0.423087210719911,0.432733098969825,0.42608182676855,0.429085200111411,0.435697634562542,0.41896007860753,0.451233237095235,0.455016123397181,0.401070211104131,0.398285598151274,0.39816738889047,0.385151619507135,0.363962600315443,0.437282779462875,0.367766455124772,0.372167566575636,0.437532242020706,0.473882383121462,0.468584889279008,0.482346962762022,0.37241236410185,0.401210676973651,0.38372747509857,0.394822428300119,0.389796878401614,0.385149502347006,0.397754466346897,0.359437081853749,0.340895015471167,0.404549039081641,0.410457322382747,0.380243741637328,0.389766838590601,0.398841150473394,0.369187121423529,0.396984133819784,0.489469626617607,0.486805348914679,0.501654940105598,0.49270821370132,0.484581597667179,0.483681929293957,0.484588396414614,0.475062461982545,0.452209832469771,0.477495317509833,0.414596577259461,0.398506719523941,0.386981759559223,0.354067967328302,0.411888865819589,0.413580270634172,0.449476976119355,0.439093467233402,0.462891964657357,0.424049858302668,0.43010436418988,0.462413022878331,0.405308874672759,0.404288644403064
Despise,0.29847502636828,0.232529313386185,0.570552828887881,0.254038693468336,0.45044249996901,0.215840006383674,0.44266667584724,0.533334592808992,0.442276817407498,0,0.277144283393221,0.236779903660456,0.25646882496615,0.248097736281681,0.551434472143493,0.331290172618061,0.51588815273193,0.261930112898134,0.546766549810357,0.249147075419485,0.493152109109575,0.49419759207551,0.426125298695509,0.408155515659959,0.416403878645427,0.505093848975921,0.551154971357461,0.567213761907922,0.258053795027294,0.550749596838656,0.283114524122228,0.252695442807636,0.547912431251092,0.212527035514189,0.506144883862002,0.273933833632795,0.296591742836522,0.305086879375697,0.296645277514801,0.406169053283671,0.50203195749779,0.483502846450578,0.435675366354622,0.510434765666274,0.44375763066642,0.420728670781025,0.469704587026915,0.469120601000327,0.351688802711932,0.532383804198183,0.340482433229616,0.487485843865495,0.457371742880315,0.428362644524748,0.539655148211129,0.553578386274088,0.380034416850749,0.387240847272722,0.420753215092685,0.349084963541119,0.55885379652789,0.523012478636993,0.484924632553714,0.481918742387538,0.491042844636203,0.404283988128057,0.51589635295085,0.487593838971428,0.535477274850448,0.489481771879849,0.498836850738247,0.45034944571402,0.493628754899216,0.482305836425775,0.48107215915881,0.483163383022426,0.41909339932429,0.418834320177996,0.416340972333865,0.428433680363026,0.40621794604722,0.401587493784288,0.426652643548908,0.415666611207934,0.441824880760477,0.410794738733121,0.474885572732226,0.511849767040858,0.507403337155432,0.54048802137747,0.490086633535095,0.480350464639279,0.428363884260961,0.391329378582476,0.404384063193887,0.429771427813433,0.369337496836779,0.394589796454028,0.494331694459175,0.400419833056992
Despair,0.221454439959265,0.324144759456443,0.593948190794433,0.221882136125832,0.488435027667656,0.294472950462061,0.504423824992166,0.580679367542099,0.420663735286093,0.277144283393221,0,0.238998103028944,0.243977954161438,0.227437565114966,0.575129152694287,0.332844339554188,0.552046868515493,0.253368372044268,0.582007903331063,0.223394538422958,0.521755529000338,0.54956176299196,0.428453649364556,0.441374662217603,0.39114536254609,0.519233206170879,0.579865193122262,0.590873227740685,0.211397863186229,0.58235799262783,0.2261064320072,0.221591435160318,0.588489600004207,0.290705774897234,0.527906716879909,0.209618081809737,0.241622368737944,0.279459061225236,0.194761267655939,0.409598366826724,0.528316798663296,0.497021441046159,0.457607133687584,0.543375359534376,0.462785045266487,0.454494272930326,0.498423938554917,0.495369693510132,0.334404677115816,0.554519639336534,0.28904741416236,0.523442552323636,0.477843965312615,0.454814293744261,0.572325393733132,0.590015466892635,0.366121688902673,0.390240419960965,0.424725024746635,0.326113250189575,0.587799364142,0.54215854297855,0.523084014592714,0.514124749448419,0.518040466501236,0.392194241041056,0.544467022454641,0.511849045894093,0.548856863020365,0.515853820480044,0.515221047644348,0.467898375544969,0.515463006812566,0.513687484093814,0.518130501537857,0.510094988791938,0.412218385956924,0.417953880193623,0.403775612029747,0.416808038232556,0.399523517834797,0.390691040390275,0.412012527714029,0.423555485443049,0.454198665792322,0.394276509269568,0.499557547821413,0.546306668882916,0.53261301896379,0.568360191132141,0.536021365665117,0.532469736428888,0.425584086098161,0.375827973301244,0.380344392194983,0.455749102130418,0.394848294274185,0.382223129609015,0.526246555760337,0.440808601752387
Shame,0.280432960551636,0.289572819285415,0.579446930611972,0.25134744866158,0.46433151516886,0.264413137559484,0.458494227727745,0.554725178785452,0.419074546984929,0.236779903660456,0.238998103028944,0,0.186651577422118,0.207500880504604,0.566777598894857,0.331400942673278,0.530232419115548,0.244171505829813,0.566585110617582,0.209901845650571,0.511073049238716,0.519367149462002,0.437468353909709,0.427017893703312,0.413665586877255,0.528859424764159,0.577397868567006,0.588156547608559,0.257754198484212,0.567202964363691,0.274184166478126,0.237008405075524,0.576125985386965,0.292514409955606,0.516463712804902,0.243957797276957,0.275924457642306,0.281141764674425,0.2558563237773,0.398340280969276,0.512418640320617,0.499446468956808,0.437906451243948,0.520289242827704,0.445104179285277,0.425646087851698,0.490225222202523,0.499586069538671,0.345709633265845,0.530268763644151,0.310620060037557,0.509799491522822,0.454761466230042,0.430380428095341,0.551582444529451,0.576600527567846,0.353420619922515,0.37426360783884,0.407781788120934,0.348083308552952,0.567011517408818,0.513913347094523,0.502517508165425,0.493400041260638,0.500521517818865,0.396097137711269,0.53610373689546,0.495212821088277,0.537764349771445,0.503361562931279,0.497610245271463,0.463202478158578,0.503442177495202,0.501786487112195,0.491802663218562,0.493779373178222,0.416071629142403,0.414097743112866,0.405144388352011,0.42250560553824,0.404806922713966,0.374540198913887,0.418515767719654,0.42587982583827,0.454494946211273,0.405010237946379,0.48790247246824,0.527278216602515,0.514811173912254,0.558972747967278,0.507324054633963,0.494195877268734,0.437968614831118,0.394842074944681,0.380923871861515,0.425433356544006,0.391422041144289,0.378949595761175,0.514045624177838,0.402625736459317
Guilt,0.280940402089224,0.303059643908621,0.56633741321598,0.254063585407146,0.462356611097131,0.281434037815256,0.45397491215598,0.547302155976639,0.406473636377722,0.25646882496615,0.243977954161438,0.186651577422118,0,0.209792712321702,0.552845079076191,0.317888678316025,0.512502279739772,0.25535300689123,0.549270366221439,0.226011000284389,0.502682879212405,0.506480626582174,0.417457993274101,0.40890202171738,0.396820458269011,0.515750251185338,0.560109662855983,0.576425978824119,0.259264334202302,0.555005499502342,0.264006923033515,0.25236560373489,0.559004094413982,0.287663924555115,0.500252645513199,0.248222581059859,0.273781094582156,0.281165275688069,0.269632384395893,0.378507980440249,0.511586874880764,0.488152871076319,0.447639775054237,0.526347557593966,0.435062598396073,0.422040875503083,0.486335176023494,0.495555011054604,0.340414876849783,0.528257267980129,0.306763695676384,0.499915137812173,0.448698004063768,0.415399804738727,0.540765884037839,0.562040523617231,0.361524915445693,0.372148032317419,0.397412671989971,0.347179880223681,0.56102162566642,0.520342359017155,0.506097347126337,0.500456267208931,0.496701817497889,0.397999636150003,0.525900834942992,0.493516630417785,0.527043785179721,0.496735409748345,0.499582839138083,0.457987681678442,0.501062398172457,0.49398168147158,0.494857563796769,0.496331681142741,0.408140188000672,0.408131772648204,0.406242720281427,0.415770831153152,0.398589941071776,0.369197040401478,0.412968674146326,0.429967133984759,0.450718703360393,0.403442514564752,0.48952851640369,0.519320959583778,0.517330337809501,0.536655806553201,0.506633304664728,0.500484452276755,0.431788321478617,0.381242562738191,0.385056056096281,0.419322266952791,0.380423887830915,0.38640962321567,0.502943740374529,0.40020789495982
Disappointment,0.244380600583293,0.301510291865242,0.558482329600028,0.238532991494405,0.453627792443835,0.301505866610935,0.457708343140582,0.538288376351985,0.399419227955711,0.248097736281681,0.227437565114966,0.207500880504604,0.209792712321702,0,0.54424026051076,0.321647109119024,0.501373317340562,0.202223501622125,0.535910484347879,0.179792741477918,0.496241070360799,0.514351891420673,0.401839464237172,0.396929369344847,0.375654081893945,0.495841481522094,0.551365048522364,0.560243629735085,0.203124556248584,0.547007299744495,0.227132586770845,0.206802346967658,0.548028891220307,0.267736069404842,0.49185657186976,0.256968974190691,0.289719793378489,0.297512366739304,0.239384959677506,0.394609000533816,0.503574841653302,0.480245212509316,0.439417923425774,0.51056271247352,0.43814045819324,0.433155450272919,0.475412177480776,0.483022324306314,0.32833563161125,0.517442144156831,0.30591120851746,0.487109117755459,0.452458203077534,0.423342433706706,0.543342698857172,0.556038497627759,0.373812088435312,0.385137480664422,0.400009911329917,0.347597512599017,0.550588449538354,0.506373731688895,0.488798662475455,0.476575194316977,0.482996642757478,0.375872515294685,0.506084251242917,0.467348624090112,0.515212106869641,0.481013920869332,0.476699752197528,0.44411539236182,0.474575294507069,0.483585377191296,0.475630581773168,0.47189477344063,0.411034407979938,0.413761963569761,0.406365015129945,0.412974126252259,0.415497929243546,0.38584001687461,0.414313983548264,0.419354562149535,0.434473144976459,0.408538019452252,0.46654393242912,0.504612986176849,0.493793881949704,0.531433667852905,0.490372393481169,0.493353061034898,0.425556208510134,0.366008371888209,0.384127685742379,0.429873129284288,0.375568352837751,0.38241520611006,0.486648154232315,0.418473264382867
Pleasure,0.554946548450512,0.553696710603221,0.182633862331578,0.555820688337859,0.381765023521994,0.567043516789266,0.347909199025489,0.208379378116831,0.357462811334244,0.551434472143493,0.575129152694287,0.566777598894857,0.552845079076191,0.54424026051076,0,0.495056365154239,0.295637183640403,0.525114913915034,0.242093437101349,0.553394611612788,0.240384920191568,0.244747262552243,0.435964586292221,0.420966987054848,0.382078738127335,0.332364851262588,0.210347538152652,0.185952312543651,0.565436861099613,0.204038417084264,0.558589061925543,0.554184409528438,0.186612686788965,0.565085324666032,0.25502085105021,0.586626058629654,0.567275572551096,0.555414681942438,0.605777703159317,0.476473551409864,0.370759882636508,0.393719420512815,0.493614649602439,0.338458592275537,0.478415815431828,0.458101456409963,0.458890648709419,0.445119454106639,0.521187025169604,0.298146185434863,0.549220024736246,0.363961793945192,0.365309640444573,0.438213524730525,0.197853584241542,0.176512119232672,0.543892174818496,0.555669729116705,0.539518885817436,0.592140416817162,0.23653540396481,0.339810920267304,0.370345959511869,0.371812087381337,0.380797292951236,0.474003029116284,0.35005258739744,0.33166269963371,0.294404943122452,0.38945970568359,0.392771287782303,0.420104928428589,0.359539248108301,0.396672886792778,0.362939318689349,0.398420169780834,0.558745509887907,0.556013676263588,0.57836306852411,0.563034503624544,0.575626019767637,0.578438182155065,0.568259376352853,0.536252381078817,0.501774410965632,0.579229086753156,0.417877190879004,0.368808449134973,0.364107042718031,0.231926799401065,0.416447237402615,0.37972040760909,0.502297145788507,0.533958783943798,0.566384197429751,0.463540460767642,0.527707213034131,0.544463523028479,0.330749569888713,0.416632574338041
Nervousness,0.354471770832095,0.351090165063101,0.510294040706162,0.302548501569281,0.396509214408349,0.333765907097252,0.418617314534725,0.488119604944912,0.384429639150076,0.331290172618061,0.332844339554188,0.331400942673278,0.317888678316025,0.321647109119024,0.495056365154239,0,0.454580411293181,0.32900478606026,0.483366915200379,0.323162066429729,0.41942816827931,0.445694738367795,0.345263834792132,0.355641602135229,0.382347650290275,0.420806210437958,0.484570321491822,0.522629872764507,0.320213328220377,0.498156139214369,0.354003531541982,0.329241574910219,0.500317781230878,0.337332690348723,0.468551549055599,0.297872847029628,0.271202567857191,0.255482184999406,0.339801800648331,0.362597121170082,0.44215707891062,0.416451241387506,0.399303507019573,0.451255636335835,0.400763203559438,0.359261040037212,0.429111782020942,0.441236364417912,0.34214037698601,0.434476598483082,0.330064129187667,0.401510048048374,0.373532994140885,0.387123407335587,0.474045666881776,0.493393604358309,0.336355300209202,0.359779445120966,0.380494996054023,0.357871579372645,0.488111283844028,0.439118281643408,0.40571785997493,0.414005074456071,0.396004022531037,0.342694779853469,0.443026318652375,0.417378343740776,0.430174853559102,0.403114625225776,0.40657492483828,0.361756479117861,0.428051057304137,0.417032552386175,0.418222196348431,0.413868364280048,0.388135287126789,0.394445379682178,0.399355099765199,0.391115967028092,0.391485093211314,0.377139934310098,0.381871423249414,0.387945509343212,0.389855303866831,0.378870260694502,0.412709751269274,0.450193639498654,0.425325533626881,0.471769731928594,0.427161136992294,0.427714813707187,0.365628166019702,0.361342031317762,0.372458355231631,0.377706947146801,0.367489000140382,0.352173786559356,0.436135696146563,0.3552198410588
Winning,0.527731436077593,0.518363520198878,0.283786622067586,0.526723690972966,0.338497943040123,0.541401100984131,0.241307260777872,0.287303284510463,0.404569546924003,0.51588815273193,0.552046868515493,0.530232419115548,0.512502279739772,0.501373317340562,0.295637183640403,0.454580411293181,0,0.469587330161203,0.186027918864898,0.499707033881932,0.303782860783559,0.325944853785171,0.402347683320811,0.374545752864459,0.421565072648573,0.342126467335838,0.284829038156502,0.315032438583246,0.52440506613889,0.302478345291093,0.522410418009033,0.52637499537145,0.315356038046807,0.519577093922516,0.32224648041752,0.536372279583035,0.532405526319207,0.497412230076048,0.561288349698383,0.430047234780001,0.36886001856467,0.388074904632964,0.468721309977576,0.347364780012328,0.454897685591585,0.436052232546562,0.443540776481688,0.452788670513833,0.467464719596468,0.2938706608186,0.48900862583888,0.390534442152067,0.387296642448949,0.398507661510646,0.334543689268575,0.323499101787067,0.492771409292466,0.509385536940656,0.50127140667954,0.552621398276051,0.314019788087339,0.358403681747597,0.358958143524087,0.341589798223422,0.344031057921198,0.429460028141445,0.34928157270311,0.327930559090692,0.330762839165378,0.358879826221334,0.361405385641137,0.382412943686621,0.340376039975075,0.378005546512656,0.342704208106236,0.352602586640101,0.52213457637335,0.523524321919246,0.535030418095519,0.522597227503289,0.528136109045834,0.53023103019111,0.536758551312445,0.505593464698948,0.473371116367563,0.535597310789851,0.365375355399813,0.365027931259003,0.373845341535284,0.337730814414242,0.392556923593475,0.372576840473128,0.482713074768238,0.485939352339859,0.529757904446015,0.447887760325532,0.509175257220579,0.488475787707372,0.30802224060743,0.383972818531959
Losing,0.28448742285293,0.323748240710771,0.549440982699225,0.284443156708531,0.442647451681354,0.324635764914604,0.43661447581879,0.521056939503343,0.404590207926013,0.261930112898134,0.253368372044268,0.244171505829813,0.25535300689123,0.202223501622125,0.525114913915034,0.32900478606026,0.469587330161203,0,0.515341173319462,0.176961419931808,0.471299460831441,0.496754256282736,0.39469106978719,0.39378451797339,0.371743608598736,0.481468161217656,0.536854511711304,0.550825994818391,0.251967002153238,0.530189644086912,0.271989442758708,0.224788289884591,0.541673301454493,0.278332679306593,0.483378144859313,0.284095530383122,0.318509289144057,0.315894561682378,0.277982637916703,0.390383583912437,0.480666199501987,0.460087569172689,0.411209143959171,0.482584245900517,0.416471929121387,0.398930316562239,0.450352598899159,0.463553992252985,0.330969775601323,0.489415954156799,0.312700223179658,0.464559238014199,0.434126023941956,0.418651799858588,0.527157581724428,0.54485788103709,0.368037076876268,0.365569635256125,0.399679537401436,0.357005302545063,0.527511874609353,0.492834893546376,0.475532446209782,0.465279211916993,0.473202955906066,0.361653203999987,0.490752783619535,0.463551124743885,0.50085640150469,0.470611382818885,0.45023924934474,0.416762475560449,0.464758370738686,0.465986027061705,0.467123695983021,0.459536678344772,0.399936450480027,0.405048150497223,0.399065331462551,0.403749495404062,0.404501411948369,0.382135973228159,0.406247163900654,0.394939597869457,0.428217469958992,0.406752050968163,0.453975330003787,0.481590369978122,0.475293304839145,0.518781677800525,0.470042293026218,0.472069462402422,0.414054828099387,0.348050205256015,0.3878014403822,0.415749432357563,0.369217398545175,0.376455644476575,0.466568209368983,0.411707692795225
Succeeding,0.550469412291067,0.550747836852432,0.220112080117187,0.565319451296383,0.370924988944965,0.573943634222489,0.300986926385676,0.228773319727065,0.391096499506019,0.546766549810357,0.582007903331063,0.566585110617582,0.549270366221439,0.535910484347879,0.242093437101349,0.483366915200379,0.186027918864898,0.515341173319462,0,0.524414850821745,0.30107906775154,0.321591374397666,0.422535803031286,0.398405219154098,0.408514581421809,0.346349299473018,0.251036280874661,0.258939673542666,0.557389459713164,0.260266082165523,0.548793664200398,0.551542735051111,0.254780174057329,0.560007896760032,0.283868624781987,0.568159563227405,0.560948575621909,0.536568423163846,0.597682547699594,0.471349507798933,0.367545991979867,0.400202265011465,0.468036312850711,0.333337300195096,0.473485140917969,0.465261224212097,0.473707987645413,0.476646639344934,0.508140019595601,0.281021807367344,0.531744124685363,0.377937092334435,0.373550577936028,0.423011118522525,0.307940079487991,0.289484850555164,0.528576144035237,0.550675310417537,0.532903307433972,0.579427407939919,0.287454631607732,0.358494889045108,0.339183206217018,0.348306042693058,0.332045619103014,0.458959856903003,0.341903513369302,0.324857154506344,0.314023023300579,0.342922041854867,0.348422339647949,0.383420552078298,0.31735896379303,0.356220290568917,0.326860743557076,0.355672559945115,0.557388357385956,0.551397103786075,0.576899362129887,0.554845274296589,0.566061451684689,0.575056774019083,0.572815591439799,0.534742446949706,0.498502504149896,0.573356177121035,0.389860067756929,0.362415226646763,0.375075467545699,0.304536307751753,0.399758276896402,0.358766211508328,0.51836545682062,0.519739879312464,0.567064888342389,0.479009720992506,0.528886613504649,0.536942948565608,0.320563621928292,0.415042281027736
Failing,0.275298195205841,0.313327714184426,0.563361340237502,0.262174316371689,0.454412430472917,0.301674585576323,0.451141878315238,0.536321396504062,0.412063388234553,0.249147075419485,0.223394538422958,0.209901845650571,0.226011000284389,0.179792741477918,0.553394611612788,0.323162066429729,0.499707033881932,0.176961419931808,0.524414850821745,0,0.485516227449188,0.513967823494038,0.40333443007722,0.392708530970678,0.376774670377939,0.488706559692067,0.556033776693752,0.563851226389336,0.226992142054334,0.546361037366665,0.260828335737415,0.205694909384678,0.552458256684488,0.274634070615938,0.494388381627175,0.256926839885426,0.293813727321397,0.297974530705282,0.255343884296062,0.401725042399418,0.499898985333706,0.478033963498613,0.439729077379071,0.501945676042358,0.433306166910108,0.413847756825778,0.465907434145899,0.475446925622822,0.333832887105369,0.517216193104804,0.300499261748924,0.48180207984443,0.445279759366383,0.440568367010272,0.536317046842713,0.549543578852227,0.357475303266669,0.388197204557102,0.40197942985768,0.346719981852994,0.549601128178787,0.500901421914818,0.486414942778734,0.477576301998005,0.482044726799529,0.372656066118516,0.505289262489414,0.475662999964808,0.523560429212531,0.48282974308014,0.472288644953082,0.435597555282403,0.486572240741925,0.48283175802859,0.467412958325615,0.472523632718135,0.41085834100946,0.417086241140486,0.409248404133943,0.417399616163417,0.399406921138136,0.388426160643175,0.410550486408687,0.416332192427747,0.431014757354682,0.405765781461633,0.457410649200158,0.498081453093113,0.491722329651113,0.522501880085273,0.476110093331863,0.481303555900177,0.410897299462932,0.362710588947445,0.393980613396254,0.415423034694365,0.380999132767032,0.381428575575472,0.484582261098117,0.415499423426192
Wanting,0.490371570168468,0.496724849745963,0.273794281835109,0.495971922081575,0.354257691740188,0.509211928068186,0.360421077773482,0.285503854310445,0.319483014354888,0.493152109109575,0.521755529000338,0.511073049238716,0.502682879212405,0.496241070360799,0.240384920191568,0.41942816827931,0.303782860783559,0.471299460831441,0.30107906775154,0.485516227449188,0,0.18377296007744,0.35080975845642,0.375864137686654,0.330661523147985,0.331197070139817,0.283158256026011,0.252457873584535,0.502630810067672,0.267744537119764,0.500242006441304,0.479609742755876,0.24548365286739,0.502195501900627,0.285772494563506,0.518036732573911,0.505820863985771,0.488612169443344,0.536449334781687,0.425569478813803,0.364142554261576,0.374737265120724,0.423237010466228,0.344162256608344,0.417128498100501,0.400711417742064,0.415037694959813,0.420488073377214,0.457800824012468,0.309739901701968,0.490551876696508,0.360052253387463,0.351421517019191,0.396149732964174,0.187603614488972,0.209867910004511,0.46334861590635,0.488748810437889,0.48394448734055,0.525118028479993,0.301884485727764,0.346167349259324,0.349835797498861,0.35929208967323,0.375167316151814,0.42322014828429,0.351271153273168,0.335421427650296,0.328950361614469,0.375463938769914,0.37005747705102,0.382188501255448,0.364733974876263,0.393981635349188,0.350829017597648,0.375003743493438,0.496895670760205,0.493894215702206,0.518025719209446,0.502026986787065,0.502362424309185,0.5144053475685,0.509153438825932,0.467744987902814,0.453475154195157,0.507445982315419,0.372549929225413,0.354826690230541,0.353335320171597,0.253828554552627,0.374414820528291,0.356759084073802,0.443576791319122,0.46527370490954,0.503751640991309,0.4101269074775,0.467921840237147,0.462655072487638,0.332268564024808,0.351014790586403
