41
84
71
95
77
74
8
65
90
44
54
2
13
32
30
53
23
86
39
17
