42
63
51
33
15
74
4
55
39
29
91
21
62
99
66
14
83
95
81
23
