1
77
2
84
98
27
44
93
16
37
67
29
57
74
24
91
43
75
17
61
