702,808,268,337,310
