19
63
37
59
34
31
70
94
14
90
79
65
2
91
20
15
83
51
43
56
