53
58
97
8
63
28
18
20
41
13
66
36
79
26
51
9
82
68
98
89
