83
23
42
3
37
84
16
99
6
30
70
93
73
35
22
54
88
52
69
45
