170,965,210,563,730
