540,730,63,517,185
