898,618,680,178,15
