99
1
27
67
42
9
92
45
100
58
32
30
83
55
37
13
8
62
69
44
