75
90
91
18
23
47
74
10
1
36
94
81
52
8
63
60
82
34
25
49
