24
2
82
53
48
88
67
39
20
72
51
83
52
93
70
91
29
5
31
4
