615,888,943,888,63
