717,825,603,802,638
