567,593,473,537,145
