988,88,5,540,577
